Diameter{1} = [24853	30483	25	134.35
25148	31100	8	116.75
24902	30206	33	85.15
25157	29922	42	473.75
25032	31163	38	188.7
25161	29894	49	247.5
24970	30951	58	127.3
24827	30883	72	246.2
24765	30931	80	94.85
24709	30918	92	142.15
24173	28994	148	458.55
24509	30795	144	116.3
23621	28795	184	191.4
23107	28384	244	260.75
22823	28187	276	255.5
23874	30816	298	155.55
22536	27829	327	97.1
22523	27331	353	207.2
22458	28492	345	202.6
22793	28478	338	327.75
22878	30818	375	125.9
22141	26422	422	238.55
21550	25998	469	233.45
21106	25065	499	335.6
20478	24939	501	152.05
20316	23789	544	185.05
19480	22983	562	133.4
19124	22574	545	165.6
18604	21979	507	529.75
18057	21115	467	89
17717	20782	474	169.7];

Diameter{2} = [14125	24257	119	248.25
12861	24158	47	105.1
12783	24144	57	180.3
14616	24056	143	147.65
14820	23953	185	188.5
14843	23937	211	108.15
14957	23788	222	141.4
14610	24047	224	106.05
14489	24010	240	121.75
13092	23886	177	243.75
13236	23851	188	178.45
14364	24224	267	85.15
15421	23482	290	96.2
13445	23691	212	229.4
13665	23625	222	213.6
11676	24147	250	105.5
13855	23476	233	152.05
11380	24023	267	180.6
14020	23319	244	178.7
14169	23140	245	316.45
14157	23172	236	93
14237	23018	254	176.9
16091	23158	289	393.2
16314	23177	377	95
10579	23760	313	133.15
10515	23700	322	213.8
15824	23875	441	157.9
16228	23451	443	154.05
14289	22478	310	196
9580	23515	333	230.05
17367	22824	432	88.6
16594	24376	470	487.55
18288	22015	286	404
9051	23210	352	105
17628	23165	407	109.65
17687	23199	401	76.3
18418	21761	269	210
8667	23157	356	102
16845	25168	469	248.25
17065	24392	516	191.65
17196	24366	522	186.7
14271	21555	285	167.65
17533	24316	518	86
14309	21445	254	277.7
17547	24249	498	183.35
17608	24232	493	224.7
18032	25832	546	154.45
15338	20687	425	201.55
18034	26027	567	146.05
15235	20748	410	149.85
14896	20720	203	289
18560	26145	526	122.05
14975	20548	213	156.9
18040	26063	596	153.05
17802	26346	597	210.3
18046	26077	605	130.85
15344	20375	193	186.1
17614	26645	609	311.15
6177	22248	437	117.15
19048	25942	559	106.3
6114	22235	431	114
15466	20248	262	163.8
5993	22214	424	523.25
15560	19819	220	136
15597	20165	279	150.1
19057	25797	592	163.8
16645	26886	648	522.8
15712	19944	305	264.2
15739	19925	308	221.35
15235	19054	263	272.05
15168	18954	271	150.4
16238	19715	326	134.65
15021	18703	282	239.45
16193	19569	338	327.75
18315	24571	642	137.95
18210	24471	648	105.1
14858	18187	312	151.8
18336	24438	663	210.95
16422	27336	751	148.4
14677	17697	334	463.9
17017	24355	674	60.85
16781	24328	668	127.5
16211	24505	648	167.7];

Diameter{3} = [11456	21470	113	340.9
11432	21467	115	307
11668	20483	44	226.4
11354	21400	139	153.4
11331	21340	151	201.55
12727	20972	145	314.7
11251	21192	182	241.35
11206	21060	209	155.3
11216	21000	226	140
13488	19630	179	375.75
11207	20907	252	201.25
11174	20888	261	196
13004	21648	177	135.1
12969	21687	181	120.4
11033	20839	288	134.65
13920	19541	158	355.05
14094	19375	238	448.2
12655	21985	213	342.4
14307	19640	245	489.75
14291	19697	233	357.95
14393	19484	132	175
14534	19443	130	196.8
10036	21258	319	126.6
15048	18444	236	263.15
14274	19962	215	339.8
12773	22271	244	137.95
14260	20003	208	180.6
12876	22379	239	67.25
13010	17874	236	180.3
15165	19130	152	128.15
13004	17665	253	243.8
11767	22039	269	105.95
9434	21096	337	235.05
14769	20144	100	321.75
14750	20134	97	323.3
9337	21054	354	156.9
15059	17370	273	147.05
14390	19623	310	156.9
15479	18944	184	116.75
14428	19625	318	187.2
14500	19634	323	272.95
14451	20845	151	159.45
15474	17017	286	340.6
15587	18920	203	403.25
15781	18933	205	163.25
8560	20862	402	88.6
8435	20766	407	116.3
8344	20668	414	141.5
15039	19698	363	443.65
8199	20211	422	133.15
15308	16085	318	134.65
13855	22070	111	253.05
13884	22069	107	364.6
15261	20204	362	151.8
14875	15907	305	160
16304	20012	359	240.05
15311	20724	356	306.65
13982	22942	127	164
7598	19677	469	123.7
14045	23010	137	258.3
14384	15855	278	163.8
7318	19460	480	138.65
14428	21250	355	718.7
16995	20491	388	255.8
14301	23402	154	167.65
17673	21494	170	123.7
14319	21209	378	145.35
14472	23459	167	99.6
14214	21123	394	321.65
16295	21696	308	259.35
14280	21030	405	132.85
6528	18866	525	127.5
6438	18787	530	159.55
16630	21755	286	83.2
17227	21223	432	311.45
15005	23842	199	69.65
14874	23671	223	176.9
17157	21692	294	103.1
17281	21739	441	60.2
17300	21571	295	137.3
17397	21851	459	344.4
15145	23681	275	446.35
15205	23685	288	270.75
15428	23601	327	220.25
15890	23636	352	170.05
16205	23682	374	363.65
16804	23215	433	357.35
17248	23177	450	90.15
17767	23248	441	266.2
18408	22168	431	322];

Diameter{4} = [8695	38532	94	155.7
9194	38381	90	315.15
9282	38340	96	321
9569	38145	142	323.1
9888	37938	178	182.5
10121	37716	218	389.1
10403	37380	263	373.35
10640	37142	293	304.4
10560	37205	305	107.7
10907	36798	338	360.6
11024	36334	392	340.9
10971	36154	417	229
10864	35530	461	362.35
10683	35282	509	346.75
10538	35210	561	213.2
10622	35241	589	213.2
11238	35193	578	151.8
11379	34997	589	109.65
10107	35006	645	171.85
10450	34976	651	318.95
9929	34964	662	152.4
10352	34925	668	297.55
11204	35019	622	212.9
11357	34496	660	176.8
9632	34848	688	183.35
11260	34391	685	271.9
9806	34861	693	144.2
11175	34261	706	90.55
12116	35110	594	120.1
9952	34861	680	141.4
10057	34597	737	120.4
10042	34590	742	204
10030	34902	662	154.05
9383	34708	734	150.35
8723	34515	785	91.9
11054	33917	783	217.1
8413	34401	818	143.25
8976	34535	779	220.75
11266	33725	821	85.6
7661	34446	851	100.6
8781	34529	799	257.1
14460	35338	535	117.15
14552	35356	525	166.9
9126	34332	849	80
14800	35418	510	92.2
8950	34297	863	130
7082	34690	935	253.05
8532	34069	871	292.6
6243	34442	956	240.5
6184	34397	973	219.15
6909	34634	992	251.25
6031	34426	1001	299.05
8198	33697	909	175.05
6925	34351	1026	171.05
6957	34263	1037	509.15
6650	34618	1042	103.1
8023	33530	932	169.2
12825	33519	700	168.1
12923	33516	693	137.3
17223	35952	434	102
16444	36244	417	370.45
7819	33371	957	196.8
16492	36300	401	169.8
16492	36300	401	172.2
13461	33677	656	55.25
16498	36551	386	190.4
18723	35862	468	118
7599	33118	997	391.95
18764	35858	483	150.4
7562	33054	1009	120.4
16635	36644	352	140.1
14169	33758	599	116.3
14261	33760	587	71.6
16797	36695	328	145.1
6412	33713	1257	80.8
6288	34086	1050	260.2
7502	33061	1074	236.9
7271	33518	998	173.95
6212	34517	1050	126.5
7278	33237	1017	552.85
15278	33985	523	663.85
6490	34403	1030	145.35
7326	33199	1049	115.45
8210	32292	997	83.2
7299	32808	1165	125.1
7037	34585	1006	130.85
8267	31784	997	311.95
8345	31614	993	111.8
16190	34383	474	75.15
6253	34261	1161	168.65
8316	31280	969	150.1
6398	33894	1163	57
6774	32339	1219	85
8375	34251	960	240.1
8609	34164	954	125.4
8752	34084	947	91.25
6749	32431	1271	313.25
6737	32439	1284	129.8
9007	33932	919	71.6
7413	35221	1193	207.2
8959	33948	887	111.8
6532	32979	1261	125
8678	33917	860	99.6
17896	34861	347	185.25
18062	34681	345	188.7
17871	35075	333	205.9
18099	34398	332	262.15
17915	35554	314	155.25
18097	35774	297	109.75
18130	35913	279	233.75
18024	36349	270	125
18105	33723	237	191.65
18025	33450	216	114
17940	33348	196	560
17852	33184	184	168.1
17907	32837	169	204
17750	36585	362	300.55
18061	32233	141	68
18777	36838	455	225.9
19011	37176	473	120.95
18101	31009	125	420.25
18043	30720	124	672.65
18134	29982	115	100.5
19718	38630	586	227
18361	28794	92	136.55
18285	28861	73	157
18032	29030	55	85.15
18592	28082	38	115.45
20137	39672	741	201.55
20154	39803	764	333.65
17376	29131	90	196
19773	40726	797	60.85
19209	41090	791	394.35
18825	41810	829	269.7
19474	42933	911	207.2
20234	43837	943	135.1
20514	44614	1004	130.1
21250	45727	1035	178.7
21535	46687	1076	176.9
21894	47870	1141	185
20997	48065	1074	217.1
20143	48002	1040	114
20122	47869	1052	206.7];

