% Lines that pass through the midline of the ZFishdataset
% Columns 1,2,3 are x,y,z in Neuroglancer orientation of ventral locations
% Columns 4,5,6 are x,y,z in Neuroglancer orientation of ventral locations
% all points are in voxel space.

midlineVentral = [38180.87109375	18962.015625	17506.921875	
17794.8203125	19840.240234375	16618.826171875	
22942.3984375	19881.09375	16845.791015625	
27415.890625	19860.669921875	16986.5078125	
30704.623046875	19472.55859375	17168.080078125	
33176.27734375	19043.591796875	17422.283203125	
36628.42578125	19227.435546875	17463.13671875	
40856.79296875	19043.591796875	17726.41796875	
44513.2109375	20044.51171875	18003.314453125	
48986.69921875	19533.837890625	18189.427734375	
52847.38671875	18932.7265625	18199.595703125	
55696.26953125	18322.349609375	18205.51171875	
60089.40625	17603.474609375	18229.177734375	
64802.04296875	16937.84765625	18241.01171875];

midlineDorsal = [38180.87109375	18485.833984375	16408.994140625
17794.8203125	19431.703125	16432.712890625
22942.3984375	19227.435546875	16432.712890625
27415.890625	19125.30078125	16423.634765625
30704.623046875	18956.599609375	16422.806640625
33176.27734375	19125.30078125	16437.25390625
36628.42578125	18818.896484375	16423.634765625
40856.79296875	18594.201171875	16459.94921875
44513.2109375	18451.212890625	16432.712890625
48986.69921875	18185.662109375	16419.095703125
52847.38671875	17654.724609375	16436.427734375
55696.26953125	16671.59765625	16383.173828125
60089.40625	16059.220703125	16377.2587890625
64802.04296875	15500.09375	16335.8408203125];




